Final selected actions: {2691, 2568, 2061, 895, 2201, 2458, 3485, 1441, 162, 1062, 2728, 2730, 301, 3631, 3121, 563, 1333, 1595, 2239, 1734, 973, 1485, 3026, 469, 3285, 859, 2530, 1381, 2278, 3175, 1383, 1514, 2541, 2542, 1518, 3191, 889, 2687}


accuracy: 0.9087509349289454
classification report:               precision    recall  f1-score   support

           0       0.97      0.94      0.95      1262
           1       0.30      0.47      0.36        75

    accuracy                           0.91      1337
   macro avg       0.63      0.70      0.66      1337
weighted avg       0.93      0.91      0.92      1337
. 
 confusion matrix: [[1180   82]
 [  40   35]]
 auc: 0.8521817221341784