Final selected actions: {900, 262, 263, 784, 1680, 2450, 2964, 662, 3223, 1175, 3099, 927, 1184, 1441, 936, 937, 1064, 2730, 300, 1715, 1974, 1212, 2749, 1734, 583, 1100, 973, 845, 846, 3664, 850, 722, 859, 1629, 3424, 866, 230, 1514, 1386, 3562, 1005, 1134, 879, 2924, 2675, 3448, 2303}

accuracy: 0.9094988780852655
classification report:               precision    recall  f1-score   support

           0       0.97      0.94      0.95      1262
           1       0.31      0.48      0.37        75

    accuracy                           0.91      1337
   macro avg       0.64      0.71      0.66      1337
weighted avg       0.93      0.91      0.92      1337
. 
 confusion matrix: [[1180   82]
 [  39   36]]
 auc: 0.8640147913365028